index,0,1,2
26457,0.13929500854025395,0.19814309656432322,0.6625618948954228
26458,0.3287521126202573,0.20794814044564056,0.46329974693410203
26459,0.03220179315837334,0.08759294563790984,0.8802052612037169
26460,0.050113998448874875,0.06397181938350642,0.8859141821676186
26461,0.07729834309843434,0.2640369096905717,0.6586647472109941
26462,0.04515256789477151,0.14503624603659648,0.809811186068632
26463,0.737609337085102,0.25512438201226173,0.007266280902636387
26464,0.0477702614403104,0.07115417997396413,0.8810755585857254
26465,0.057715864089696554,0.05362785255893699,0.8886562833513665
26466,0.05498024213321608,0.3760907121652875,0.5689290457014964
26467,0.12398933520027335,0.09632714657862526,0.7796835182211014
26468,0.03125032481205019,0.06353987831771392,0.9052097968702358
26469,0.556460398168717,0.15661943617443877,0.2869201656568443
26470,0.04319478671009519,0.48021731095250797,0.4765879023373967
26471,0.11448022611684287,0.11985539059382419,0.7656643832893331
26472,0.06764863141423419,0.24881645212428374,0.6835349164614821
26473,0.03980132027385969,0.06072377650452125,0.8994749032216192
26474,0.26344903612319703,0.728708928553123,0.00784203532368002
26475,0.27483133623852823,0.16127572060022158,0.5638929431612502
26476,0.0270747752533411,0.08033594031499214,0.8925892844316667
26477,0.16592663772127694,0.14810356495676572,0.6859697973219573
26478,0.03980831650163204,0.09005829932102315,0.8701333841773449
26479,0.02571289731280087,0.07352304392515317,0.9007640587620459
26480,0.06641611732847662,0.059938305314198456,0.873645577357325
26481,0.04360649721475974,0.2866447037009678,0.6697487990842725
26482,0.15519319995136002,0.11450142984680357,0.7303053702018363
26483,0.04936566194957979,0.1273033138275842,0.823331024222836
26484,0.0666162628187286,0.108720441566669,0.8246632956146024
26485,0.027003140146088588,0.05937428182398858,0.9136225780299229
26486,0.07353118450851225,0.10707473052455996,0.8193940849669279
26487,0.08031001347762655,0.08310856317955267,0.8365814233428208
26488,0.42570890631859054,0.5474747758308331,0.026816317850576223
26489,0.050529835115045524,0.33090281288662066,0.6185673519983339
26490,0.05832212327852902,0.09026914719260667,0.8514087295288644
26491,0.035605255435852315,0.13035054483477515,0.8340441997293725
26492,0.04428042932968995,0.3110258380773875,0.6446937325929226
26493,0.29962630335265056,0.6965958745570204,0.0037778220903290733
26494,0.05989387356576003,0.4999969964760799,0.44010912995816015
26495,0.045907625206482235,0.06299811495273107,0.8910942598407867
26496,0.05625591259260581,0.08240920143860334,0.8613348859687909
26497,0.01895159961302953,0.8941169254574719,0.08693147492949849
26498,0.17840477937252194,0.528379942413847,0.29321527821363097
26499,0.12851624169665946,0.13474418588683554,0.736739572416505
26500,0.0669965402434759,0.31299237189745915,0.620011087859065
26501,0.06342955953683398,0.4914550201009739,0.44511542036219215
26502,0.04609627247672139,0.06229431441973466,0.8916094131035439
26503,0.10732025215144393,0.39323878658134886,0.49944096126720716
26504,0.09824443244786976,0.1649057228399996,0.7368498447121306
26505,0.04788369686885122,0.07936218966495984,0.872754113466189
26506,0.1428925995360843,0.8331432321071918,0.023964168356723856
26507,0.09203096525485797,0.8946466902851683,0.013322344459973719
26508,0.13473474579217598,0.20149753526308492,0.6637677189447391
26509,0.1317551936731483,0.1458666369432623,0.7223781693835893
26510,0.04936018855411117,0.23581581027083698,0.714824001175052
26511,0.055502133924972635,0.05896077745996899,0.8855370886150583
26512,0.06605777557949015,0.12726478730746127,0.8066774371130486
26513,0.08583404205251492,0.19417657298564803,0.7199893849618372
26514,0.03776499003462031,0.1000855975031568,0.862149412462223
26515,0.4578471463999336,0.05993640373169876,0.4822164498683676
26516,0.05146265403967578,0.33674012655131036,0.6117972194090138
26517,0.14632953329575268,0.8430665060246386,0.010603960679608728
26518,0.03275988771879671,0.07976570838618982,0.8874744038950135
26519,0.46279699331054236,0.09586002407979524,0.44134298260966237
26520,0.013468828575269213,0.8906563372066741,0.09587483421805654
26521,0.04291292134872907,0.25173931324480203,0.7053477654064689
26522,0.2817608735071414,0.1510302878172228,0.5672088386756358
26523,0.10121664361761255,0.1773815980715272,0.7214017583108604
26524,0.05373329175355166,0.14949589902631955,0.7967708092201288
26525,0.10498917245779875,0.24410105318278555,0.6509097743594157
26526,0.04564363924646748,0.0473091908911151,0.9070471698624175
26527,0.10194212821500973,0.29633398681361994,0.6017238849713704
26528,0.07327939370287098,0.9146005363036598,0.012120069993469193
26529,0.6531649736596987,0.06691624358810762,0.2799187827521937
26530,0.09828839825830832,0.08932322998255633,0.8123883717591355
26531,0.02695198336847144,0.1441933564236976,0.8288546602078309
26532,0.16599203849485272,0.1460402754652425,0.6879676860399048
26533,0.09148078455293265,0.12994345259594128,0.7785757628511261
26534,0.027119160320931614,0.06111816593393033,0.911762673745138
26535,0.054725878240270524,0.06673295905690568,0.8785411627028238
26536,0.09852327380177797,0.1418002466348706,0.7596764795633514
26537,0.07077337311927082,0.05136253431866302,0.8778640925620661
26538,0.04755842309836352,0.34991756749228087,0.6025240094093557
26539,0.024611446615723002,0.0933099504133705,0.8820786029709065
26540,0.41383972584649503,0.17987985055710695,0.406280423596398
26541,0.05201320161857344,0.09510227756323522,0.8528845208181914
26542,0.06871332820623909,0.10824788988202254,0.8230387819117384
26543,0.04725361470627072,0.1036913352508593,0.84905505004287
26544,0.14000256509904646,0.14730941343708856,0.712688021463865
26545,0.10635711327137183,0.41180875061574296,0.4818341361128854
26546,0.046961573903109594,0.09223809448526903,0.8608003316116213
26547,0.07298892886319122,0.05211981889521897,0.8748912522415898
26548,0.060329000754392265,0.08005686222138705,0.8596141370242207
26549,0.2165688515140858,0.7770573756793632,0.006373772806550941
26550,0.03619220671623711,0.14600437535396074,0.817803417929802
26551,0.027024760740730524,0.1270700458381469,0.8459051934211226
26552,0.04119588302686183,0.13836573728341783,0.8204383796897203
26553,0.05110135003404,0.08756380692477622,0.8613348430411837
26554,0.09109530891494515,0.3186253169206868,0.590279374164368
26555,0.11181247956291011,0.09684960193491923,0.7913379185021705
26556,0.0507643111141723,0.28351964896818316,0.6657160399176446
26557,0.07498783827132736,0.08443408034647809,0.8405780813821945
26558,0.6916128974697586,0.10094456371408243,0.20744253881615893
26559,0.3390772950414717,0.10536377327030853,0.5555589316882198
26560,0.06412610194808215,0.08260420779976427,0.8532696902521536
26561,0.034838703462767136,0.2963041753871079,0.668857121150125
26562,0.04784902317946385,0.055546671933381496,0.8966043048871546
26563,0.022812871934882607,0.07218329171761123,0.905003836347506
26564,0.11110016302684395,0.1577513034415286,0.7311485335316275
26565,0.12170795149715964,0.3765227378173447,0.5017693106854957
26566,0.06866314608804402,0.18668351779444634,0.7446533361175096
26567,0.07385536213470159,0.10840762255404493,0.8177370153112534
26568,0.5478817688253503,0.43427310743689923,0.01784512373775036
26569,0.04042203278272867,0.09949999607595959,0.8600779711413117
26570,0.03488968651616961,0.7020087042300774,0.2631016092537528
26571,0.06598567923022126,0.07113128582721495,0.8628830349425638
26572,0.042413840973881005,0.12660801381881534,0.8309781452073036
26573,0.13780545265982774,0.12914619073820585,0.7330483566019664
26574,0.20069009160761142,0.08097808941704246,0.718331818975346
26575,0.08649843380504349,0.09888978767594327,0.8146117785190132
26576,0.1024474959387776,0.06825861657746642,0.8292938874837559
26577,0.1364820580135964,0.12728683006741348,0.73623111191899
26578,0.2731914558097032,0.2643855333425505,0.46242301084774623
26579,0.22867930280548363,0.7633333594755491,0.00798733771896724
26580,0.03842065245553631,0.1029574801346445,0.8586218674098193
26581,0.09367334748054869,0.17358129134196487,0.7327453611774865
26582,0.031977604520071555,0.08974741764134372,0.8782749778385848
26583,0.03989000771864779,0.055927622536883735,0.9041823697444685
26584,0.07657191214177583,0.15496667109637466,0.7684614167618494
26585,0.12090289565917883,0.49560528159570505,0.38349182274511623
26586,0.21947926260038983,0.45072608315026397,0.32979465424934634
26587,0.294650901570542,0.45551631912895457,0.24983277930050346
26588,0.030320278103490226,0.13864005964967194,0.8310396622468379
26589,0.15496543814952557,0.10140934781703462,0.7436252140334398
26590,0.08787365208775663,0.37283112545250063,0.5392952224597427
26591,0.09062705879301373,0.8982050051010118,0.011167936105974451
26592,0.5361973630460241,0.1281875765972884,0.33561506035668753
26593,0.0279538457629598,0.5722991897200522,0.3997469645169879
26594,0.06091886784042899,0.06559999261597026,0.8734811395436007
26595,0.03467058799404129,0.04492876519312028,0.9204006468128384
26596,0.0969247952756896,0.08141108432030567,0.8216641204040047
26597,0.47070246086981976,0.3770700246660418,0.1522275144641385
26598,0.048948020724805905,0.12956091906298653,0.8214910602122075
26599,0.05210820328953277,0.06581505238510203,0.8820767443253652
26600,0.027773628731595074,0.0533364172486022,0.9188899540198027
26601,0.048764781975140795,0.12896497649017166,0.8222702415346876
26602,0.033468520847470824,0.13644116667780976,0.8300903124747194
26603,0.0611896184208688,0.08939371793835918,0.849416663640772
26604,0.04462724063604481,0.06244156618091916,0.8929311931830359
26605,0.026373892866522915,0.046140259547094616,0.9274858475863825
26606,0.08140348814801342,0.38084701106052893,0.5377495007914577
26607,0.06736175018695764,0.9142925067713031,0.018345743041739186
26608,0.06061601818958853,0.056447119647788944,0.8829368621626226
26609,0.03160354557681658,0.07617236325078014,0.8922240911724032
26610,0.28634144936096917,0.6871159147915675,0.026542635847463216
26611,0.09994792627918275,0.33376990506215315,0.5662821686586641
26612,0.07874956286467982,0.4549166773483654,0.4663337597869548
26613,0.09778010459632142,0.16563672072769317,0.7365831746759854
26614,0.09685248185330829,0.13759421200914404,0.7655533061375477
26615,0.10561788703785342,0.1580386763787977,0.7363434365833489
26616,0.032256056972695776,0.04643500582988246,0.9213089371974217
26617,0.07169299120147497,0.11367859172590035,0.8146284170726248
26618,0.050036000569227204,0.06580843521350861,0.8841555642172642
26619,0.10177291573826597,0.1668689853223874,0.7313580989393467
26620,0.16580101117798354,0.7901515121352517,0.04404747668676483
26621,0.03414749983688694,0.0429734192516532,0.9228790809114599
26622,0.05439104964113336,0.6353316911610999,0.3102772591977668
26623,0.016781396882878157,0.5840392548030033,0.39917934831411855
26624,0.07600927225439251,0.10280380565220976,0.8211869220933977
26625,0.7499748874576302,0.11387952718768392,0.13614558535468588
26626,0.33167364091333745,0.11221752746627726,0.5561088316203853
26627,0.044203114231143516,0.05745624675872238,0.8983406390101341
26628,0.03666188472705871,0.09389972976407054,0.8694383855088708
26629,0.050391245266807376,0.08096572825447947,0.8686430264787132
26630,0.03525017973790386,0.07571032895331224,0.8890394913087838
26631,0.021678900403306094,0.032117419557036016,0.9462036800396579
26632,0.48630368581772226,0.12110227634701246,0.39259403783526514
26633,0.04680161938840687,0.08107609000531743,0.8721222906062757
26634,0.056061384556755224,0.06208443557284952,0.8818541798703953
26635,0.04961015490563958,0.2800870719744937,0.6703027731198667
26636,0.04941565167351302,0.31375521419701574,0.6368291341294713
26637,0.027392554792512347,0.0736891847278661,0.8989182604796215
26638,0.022266603355715498,0.8530180498573058,0.12471534678697865
26639,0.0703863800916504,0.8309662820739534,0.09864733783439641
26640,0.21356570646161646,0.17643461825437065,0.6099996752840129
26641,0.15273019247652647,0.5502347313530502,0.29703507617042324
26642,0.021177574438901323,0.063895348434497,0.9149270771266016
26643,0.04225309209620647,0.19172424912544506,0.7660226587783485
26644,0.029193545712570712,0.08433918941585763,0.8864672648715717
26645,0.03948203573357875,0.06852356015647094,0.8919944041099503
26646,0.6418082171374214,0.15286313206917113,0.20532865079340737
26647,0.03473985567912338,0.044002594657157834,0.9212575496637188
26648,0.016616488206641532,0.681925485947061,0.3014580258462975
26649,0.0685287608773177,0.06331705643826843,0.8681541826844139
26650,0.5025875484114084,0.4719869992916534,0.025425452296938152
26651,0.2833756359289161,0.7049773939091128,0.011646970161970987
26652,0.32771320037727175,0.13924781404294065,0.5330389855797876
26653,0.25180602376713285,0.1791277605360247,0.5690662156968425
26654,0.04169786239689267,0.7627802088503198,0.1955219287527875
26655,0.04921091816469448,0.5104487351561587,0.44034034667914673
26656,0.06456444135953769,0.09764172096856845,0.8377938376718939
26657,0.07728801050705154,0.4440813216595767,0.4786306678333717
26658,0.047665919606709455,0.22790960799559137,0.7244244723976992
26659,0.12021739990116305,0.1997518450454904,0.6800307550533465
26660,0.059334263789700165,0.24463043736420356,0.6960352988460963
26661,0.21321205882213734,0.1465475583339218,0.6402403828439409
26662,0.03454843675008701,0.2623887339445381,0.7030628293053749
26663,0.05064416893051886,0.14766443979689634,0.8016913912725848
26664,0.1817555744795003,0.14460099662466674,0.6736434288958328
26665,0.14845056112236654,0.14881930956314926,0.7027301293144841
26666,0.04358582193155233,0.3629364802153916,0.593477697853056
26667,0.014101664630776204,0.042847860679744304,0.9430504746894796
26668,0.028685275636814934,0.6370085587792483,0.3343061655839368
26669,0.22075518875654065,0.28649585524548643,0.49274895599797297
26670,0.21059168288352056,0.34932556294221295,0.44008275417426657
26671,0.03404012692886991,0.5639752417724125,0.4019846312987176
26672,0.04476839477923074,0.08632158275283466,0.8689100224679345
26673,0.1205497294342922,0.1440482189050546,0.7354020516606533
26674,0.7357842572481884,0.040851554019412525,0.2233641887323991
26675,0.037334930335419354,0.09463883349886056,0.86802623616572
26676,0.061203776036642024,0.10309753067012277,0.8356986932932353
26677,0.05629346573740698,0.08139697025130166,0.8623095640112914
26678,0.07272971720309435,0.17924416861416173,0.7480261141827439
26679,0.08416825764429113,0.11760741667518336,0.7982243256805255
26680,0.03726202427420398,0.180822621549115,0.781915354176681
26681,0.03623412484171224,0.06137694892869798,0.9023889262295898
26682,0.022905761536677345,0.06860321983121358,0.9084910186321091
26683,0.05447355685380015,0.30444953419228526,0.6410769089539147
26684,0.07728801050449424,0.13020966285813482,0.792502326637371
26685,0.22173328380015445,0.10633921915914926,0.6719274970406963
26686,0.024112804699143387,0.05200149054308096,0.9238857047577756
26687,0.1208986505268675,0.15563030612892367,0.7234710433442089
26688,0.15430227741026709,0.6090656694479576,0.23663205314177538
26689,0.07731352626319796,0.12957372065796824,0.7931127530788338
26690,0.027755833314510463,0.060614185297411735,0.9116299813880777
26691,0.10157473267521303,0.2701067466093904,0.6283185207153965
26692,0.023516390960952177,0.2691021539311149,0.7073814551079328
26693,0.4418874221618349,0.08169531991500412,0.4764172579231609
26694,0.5251438661323448,0.46296197494119024,0.011894158926464924
26695,0.053816382516598975,0.1087868079197504,0.8373968095636506
26696,0.04106201941138603,0.06802040485015409,0.89091757573846
26697,0.022482563945340202,0.041844366499040844,0.935673069555619
26698,0.027294004394362435,0.02637848459376041,0.9463275110118772
26699,0.07030504255669216,0.3931248430398164,0.5365701144034916
26700,0.05513106728878474,0.42777311891724973,0.5170958137939655
26701,0.1640563349337169,0.44238501625905935,0.39355864880722385
26702,0.0648449412982436,0.3345791692108633,0.6005758894908931
26703,0.04118925664758675,0.1171708309568023,0.841639912395611
26704,0.038057364867952324,0.06113081827696789,0.9008118168550797
26705,0.05391010133369457,0.05476822335414392,0.8913216753121614
26706,0.03843180687551299,0.07825269612269746,0.8833154970017896
26707,0.1750609339607889,0.08584807428993148,0.7390909917492797
26708,0.027484884324778663,0.05444642708043844,0.9180686885947829
26709,0.04501967614399717,0.06519154331750476,0.8897887805384981
26710,0.06186033869092872,0.07034597093219447,0.8677936903768767
26711,0.3302481927841654,0.06784716875352104,0.6019046384623136
26712,0.05236202368580847,0.2332853935419184,0.7143525827722732
26713,0.06621157817130291,0.43958935143050293,0.49419907039819405
26714,0.06741223390063734,0.08020735993883665,0.8523804061605259
26715,0.08254179797434796,0.21501739156074245,0.7024408104649096
26716,0.06576503892313951,0.7868227702627912,0.14741219081406937
26717,0.04850180486524522,0.1956637066502437,0.7558344884845111
26718,0.08989672597748512,0.15462772840813718,0.7554755456143777
26719,0.04727313536287044,0.4294402151883307,0.5232866494487988
26720,0.07855182404427904,0.12445440085714517,0.7969937750985758
26721,0.05107408836104871,0.2364166358676856,0.7125092757712657
26722,0.17735183009853578,0.10645972772544518,0.7161884421760191
26723,0.09559779963494203,0.10459900322627558,0.7998031971387823
26724,0.060290593342511155,0.5246470097430813,0.4150623969144076
26725,0.028351956058437915,0.31501741568793307,0.656630628253629
26726,0.11482493770629366,0.3487022174961949,0.5364728447975113
26727,0.027666925311724003,0.06773668877549359,0.9045963859127825
26728,0.08594923345322746,0.11948852980175044,0.7945622367450222
26729,0.09072964504740455,0.2968518936289331,0.6124184613236624
26730,0.05332125901767721,0.6039039085809367,0.3427748324013862
26731,0.02481408762392001,0.07705157323293138,0.8981343391431486
26732,0.15049190704559887,0.8408261448298563,0.008681948124544798
26733,0.05956552242552145,0.06232970286210334,0.8781047747123752
26734,0.14491480350012326,0.17714077768352293,0.6779444188163537
26735,0.02620109402152664,0.12422286307200262,0.8495760429064707
26736,0.05600243352837997,0.1388334930699741,0.8051640734016459
26737,0.05695451186549121,0.36651947009898106,0.5765260180355278
26738,0.03239877592825631,0.06424375586008527,0.9033574682116584
26739,0.4324662216963652,0.06947427277339054,0.49805950553024436
26740,0.032373356959789455,0.08481148071692962,0.8828151623232808
26741,0.1156748078756062,0.8531426540467223,0.03118253807767145
26742,0.03686697705669539,0.24448594900837595,0.7186470739349287
26743,0.10787450625225117,0.16285937580546425,0.7292661179422846
26744,0.0993578689087519,0.3199931617813752,0.5806489693098729
26745,0.020983177244044155,0.05363435572657803,0.9253824670293779
26746,0.6172874210822166,0.09682288591788835,0.2858896929998951
26747,0.04840325337107575,0.45417740392592765,0.49741934270299665
26748,0.27582670359325706,0.3031804618601025,0.4209928345466403
26749,0.045581974305535414,0.1540295381620683,0.8003884875323962
26750,0.03849890963112509,0.07364644276852579,0.8878546476003492
26751,0.03520942086691282,0.0956562546262268,0.8691343245068602
26752,0.05362948317748026,0.44308214796081186,0.5032883688617079
26753,0.10339994780630893,0.09521229687006884,0.8013877553236222
26754,0.10119442781715252,0.04502633053769451,0.8537792416451531
26755,0.05253896358450569,0.14115201905385982,0.8063090173616345
26756,0.09383136184560666,0.09845111167875598,0.8077175264756373
26757,0.20512623256271958,0.1746230970411554,0.620250670396125
26758,0.0713344614881599,0.26679841495384415,0.6618671235579959
26759,0.09197697905002179,0.14124162359081233,0.7667813973591658
26760,0.3454564472996123,0.07683329251006804,0.5777102601903196
26761,0.052757263570824164,0.10692919144389916,0.8403135449852768
26762,0.035834881384160924,0.05984865145264094,0.9043164671631981
26763,0.023322660108318575,0.06727745528832421,0.9093998846033571
26764,0.059137328407076334,0.09458426569573498,0.8462784058971886
26765,0.06534564607088719,0.06418191860150566,0.8704724353276072
26766,0.025979120271048716,0.7102581775336099,0.26376270219534137
26767,0.06163877514334037,0.09944008505221869,0.8389211398044408
26768,0.10649050840818569,0.8829370540999791,0.010572437491835346
26769,0.4267911711734701,0.10431743747342516,0.46889139135310487
26770,0.03178414240894572,0.05974962613264402,0.9084662314584103
26771,0.20951260169999153,0.7759963526552457,0.014491045644762815
26772,0.5342889758223978,0.04584906041381234,0.41986196376378976
26773,0.1480575904068141,0.21068229105930866,0.6412601185338772
26774,0.08560792987898691,0.20289324394298708,0.711498826178026
26775,0.04949647432757768,0.16463208404243398,0.7858714416299883
26776,0.053138037002865825,0.06614532331156901,0.8807166396855651
26777,0.021097441213881366,0.02216844653075996,0.9567341122553585
26778,0.03378290319102161,0.07601664942442987,0.8902004473845485
26779,0.03486127281765708,0.1430191640803451,0.8221195631019977
26780,0.051312189711313225,0.0685106116464757,0.8801771986422111
26781,0.027849304934730642,0.12668346477734402,0.8454672302879254
26782,0.046576426456557504,0.051277565003141,0.9021460085403016
26783,0.1823711119269363,0.14376284272372195,0.6738660453493417
26784,0.02515458661136238,0.4477009558654102,0.5271444575232275
26785,0.062263917302823914,0.1528129488037034,0.7849231338934727
26786,0.4260686070728151,0.10773182790740272,0.46619956501978216
26787,0.05514247404000296,0.07088472498116268,0.8739728009788343
26788,0.128632323993752,0.2512627667130463,0.6201049092932017
26789,0.04518249274851775,0.4565443868199384,0.49827312043154387
26790,0.09488156640758241,0.12242287379024316,0.7826955598021744
26791,0.03505528434781906,0.06451531951539345,0.9004293961367875
26792,0.052551327855992556,0.10735348441356982,0.8400951877304376
26793,0.040890600768378464,0.1383631906748296,0.8207462085567919
26794,0.05574200007188267,0.08538782038234317,0.8588701795457742
26795,0.07242955458990881,0.2709793681470112,0.6565910772630801
26796,0.11058102338345385,0.8881046150108917,0.0013143616056544452
26797,0.04754755228728433,0.27915181044450565,0.6733006372682101
26798,0.5507410239358241,0.0754167991378684,0.37384217692630756
26799,0.307679461850697,0.11101468937342879,0.5813058487758742
26800,0.09449811647032293,0.8940182301190572,0.011483653410619767
26801,0.027962977454611508,0.6550060077898215,0.31703101475556705
26802,0.1586221210896387,0.21351590105187912,0.6278619778584822
26803,0.032444357194894434,0.14222033484033272,0.8253353079647728
26804,0.036676970153065376,0.3262362984448943,0.6370867314020403
26805,0.03557920918581674,0.08243456503614278,0.8819862257780404
26806,0.13250268247183894,0.28792081813282916,0.579576499395332
26807,0.041819605830313446,0.0688254594403161,0.8893549347293704
26808,0.05304588964700313,0.206132644338247,0.7408214660147499
26809,0.061395834188363294,0.1651121070496635,0.7734920587619731
26810,0.029227789077897682,0.28031916357603676,0.6904530473460656
26811,0.012902109417400184,0.03288453699710416,0.9542133535854957
26812,0.024779095273096702,0.035429364664187314,0.939791540062716
26813,0.057758830680544736,0.538352018027228,0.4038891512922274
26814,0.10243593789210646,0.1893820267791138,0.7081820353287798
26815,0.09669649799147656,0.11298112130336886,0.7903223807051547
26816,0.07323698794472752,0.3248901282594582,0.6018728837958143
26817,0.047332005394289195,0.056844736047923033,0.8958232585577879
26818,0.2911272140819687,0.12799254442920177,0.5808802414888296
26819,0.07627443093409811,0.2689415077224272,0.6547840613434747
26820,0.136417923518565,0.8499793188465329,0.013602757634902147
26821,0.05560885507141183,0.9327815693032616,0.01160957562532669
26822,0.06939666085898603,0.38971593943426586,0.540887399706748
26823,0.04290352005449185,0.0891752393564529,0.8679212405890553
26824,0.11900864500557355,0.11744168633094239,0.7635496686634841
26825,0.04936610408238775,0.09897726717861742,0.8516566287389948
26826,0.02937910354017474,0.06125694211153568,0.9093639543482895
26827,0.09715033630729612,0.14819854897378387,0.75465111471892
26828,0.06859672498272439,0.1286431996131907,0.8027600754040848
26829,0.030538024232518758,0.051867558488232275,0.917594417279249
26830,0.04791239292234557,0.06989766388113258,0.8821899431965218
26831,0.030621321540598555,0.07826234831495807,0.8911163301444435
26832,0.026207302981211048,0.07540414562426531,0.8983885513945236
26833,0.060215608070357196,0.10363237929161914,0.8361520126380236
26834,0.06018102426391949,0.14379081541875458,0.7960281603173259
26835,0.7234182017630869,0.10601020820299588,0.17057159003391711
26836,0.10602169686776478,0.3491431257254072,0.5448351774068282
26837,0.14179345191073023,0.09905592831858558,0.7591506197706842
26838,0.16512212281181535,0.23983416585089026,0.5950437113372944
26839,0.7288119426001617,0.0866865060284274,0.18450155137141105
26840,0.06301032292663478,0.14145972546892213,0.7955299516044432
26841,0.06058177072253802,0.047940125015216446,0.8914781042622455
26842,0.05004534022415068,0.2403690523428123,0.7095856074330371
26843,0.06947730565289874,0.11825716556659906,0.8122655287805023
26844,0.031797499297058086,0.8607049108723,0.10749758983064185
26845,0.48004066084096636,0.046860886196546075,0.4730984529624877
26846,0.038635559420644984,0.06531226308982098,0.8960521774895339
26847,0.12931695620582617,0.1927849096243151,0.6778981341698587
26848,0.19374426887965535,0.07628601921352046,0.7299697119068241
26849,0.24924393155194954,0.1636321409121429,0.5871239275359076
26850,0.11648805073846055,0.24240347350583494,0.6411084757557045
26851,0.06721991689122898,0.13145238032503298,0.8013277027837381
26852,0.03199193762889359,0.7310470800618575,0.23696098230924892
26853,0.0481259238369833,0.0658181217421765,0.8860559544208402
26854,0.0568223791900692,0.9343851569704131,0.008792463839517527
26855,0.0700926135610259,0.14935618037437778,0.7805512060645964
26856,0.16495584284901643,0.0686879540601125,0.766356203090871
26857,0.08239162183748923,0.3751453306164518,0.542463047546059
26858,0.021829338085870727,0.8999911249803695,0.07817953693375986
26859,0.028315120939970132,0.7074991353972185,0.2641857436628114
26860,0.03194617511864467,0.7515765370705643,0.21647728781079104
26861,0.0657519577312824,0.2698072152668558,0.6644408270018618
26862,0.06186672045275095,0.05474571765035102,0.8833875618968979
26863,0.0327608175038071,0.1349578291082678,0.8322813533879251
26864,0.06029852256656684,0.19458299040389715,0.745118487029536
26865,0.024869980667712073,0.1587635496229019,0.816366469709386
26866,0.02895053292585703,0.11863597179570619,0.8524134952784368
26867,0.04160080947977738,0.06817674135870208,0.8902224491615205
26868,0.033552488173940756,0.09156730646728271,0.8748802053587765
26869,0.013255678597663778,0.02984466216424893,0.9568996592380873
26870,0.039559319770541716,0.8066190515566254,0.1538216286728328
26871,0.5000338612571534,0.08974544306535703,0.4102206956774897
26872,0.031461832859336604,0.09120692918181482,0.8773312379588486
26873,0.06482255717092504,0.07725773033038946,0.8579197124986855
26874,0.05549978516885502,0.46951910225970994,0.47498111257143505
26875,0.11684702859348216,0.10310081734632677,0.780052154060191
26876,0.038983697856989616,0.07695574955437857,0.8840605525886318
26877,0.04652279989582563,0.06551722604254345,0.8879599740616309
26878,0.09457801543171317,0.09832592519343324,0.8070960593748536
26879,0.0618483077227191,0.24946913590985825,0.6886825563674226
26880,0.12138855517113228,0.09015206181504372,0.788459383013824
26881,0.032737377682676864,0.09704880489322076,0.8702138174241024
26882,0.5433624748672202,0.12954927373380484,0.327088251398975
26883,0.04431389886675596,0.10409280908256335,0.8515932920506807
26884,0.05484486039790399,0.4295563563114917,0.5155987832906043
26885,0.1592942716595089,0.1409910053577121,0.699714722982779
26886,0.0282511147772535,0.08706710962306309,0.8846817755996834
26887,0.04035744672028157,0.12694969055982622,0.8326928627198922
26888,0.1394393200582826,0.16315910044954443,0.697401579492173
26889,0.02347107858319806,0.04485796784927834,0.9316709535675236
26890,0.058885317343187804,0.23747238045844665,0.7036423021983655
26891,0.033860399198125724,0.6704762408543985,0.2956633599474756
26892,0.07799322089063125,0.11081926602367158,0.8111875130856973
26893,0.041544017846682275,0.05294536182742949,0.9055106203258881
26894,0.03591259765422612,0.08246790705818717,0.8816194952875868
26895,0.07732362776608034,0.4414416875216135,0.4812346847123063
26896,0.0662087095404669,0.07875033493425902,0.8550409555252741
26897,0.05848423836391905,0.210674606376162,0.730841155259919
26898,0.029753260661057365,0.06262127387822876,0.907625465460714
26899,0.15864683547942035,0.13183243963159855,0.7095207248889811
26900,0.03002880320008974,0.186337815521434,0.7836333812784761
26901,0.05273857982506588,0.2625644912015892,0.684696928973345
26902,0.04853521231963805,0.06969037155737255,0.8817744161229893
26903,0.0734883821475997,0.19167347978338423,0.7348381380690161
26904,0.6538509941018512,0.330987747286362,0.01516125861178664
26905,0.050484027178966016,0.0977989854283324,0.8517169873927016
26906,0.04507367259802999,0.09813019676966132,0.8567961306323088
26907,0.0235008623360309,0.045489338232251555,0.9310097994317175
26908,0.027526552997585937,0.06988383590231878,0.9025896111000953
26909,0.0296688972931003,0.6894574437313289,0.2808736589755707
26910,0.06297393660194339,0.22298692932128011,0.7140391340767764
26911,0.038334896790353644,0.08247097759533017,0.8791941256143162
26912,0.03291971749689061,0.10463217382784341,0.862448108675266
26913,0.35037444910186333,0.09763996646939845,0.5519855844287384
26914,0.035296834404139936,0.15287720608723387,0.8118259595086262
26915,0.08191275757099424,0.12402677073841548,0.7940604716905902
26916,0.20388367933456342,0.792299687545982,0.00381663311945465
26917,0.05216854284014151,0.1667518238631875,0.7810796332966711
26918,0.07102169224201471,0.07551507140704077,0.8534632363509445
26919,0.38992461214030905,0.1029476656992095,0.5071277221604815
26920,0.04541565985444034,0.1805274841786602,0.7740568559668994
26921,0.023800272946334605,0.5797860608158444,0.39641366623782104
26922,0.05417924275168905,0.502680854562887,0.44313990268542386
26923,0.04622397886736461,0.058710098694734564,0.8950659224379007
26924,0.05101179104289634,0.12050977571833625,0.8284784332387674
26925,0.05736323301393884,0.08420542631412427,0.8584313406719369
26926,0.0826132412369082,0.23558624699626748,0.6818005117668242
26927,0.05860595700634635,0.05495193672522645,0.8864421062684272
26928,0.04417804583565358,0.9482112140667442,0.0076107400976022106
26929,0.039026918611285495,0.08312155850333829,0.8778515228853762
26930,0.026412632517901394,0.7213131818744432,0.2522741856076556
26931,0.11164542573937448,0.8779764923306304,0.01037808192999512
26932,0.030675665312355674,0.6545695308087375,0.3147548038789068
26933,0.4396961788292147,0.09364101884876343,0.4666628023220219
26934,0.06823166926890364,0.08635287791947689,0.8454154528116195
26935,0.02823877948995792,0.08787132595828662,0.8838898945517555
26936,0.03462746673524411,0.0944782218287169,0.870894311436039
26937,0.10035220387159077,0.17950156777127763,0.7201462283571315
26938,0.15144702330949267,0.84027700354677,0.008275973143737207
26939,0.6850046306732033,0.29596890189699954,0.019026467429797227
26940,0.06734443734089744,0.0961213291884848,0.8365342334706177
26941,0.10095705538160103,0.20286381136723564,0.6961791332511633
26942,0.05734453295737701,0.07702783925140894,0.865627627791214
26943,0.028223744025093683,0.4001813408346467,0.5715949151402597
26944,0.057595237368583456,0.0724948496175052,0.8699099130139113
26945,0.055419438223179816,0.470419520420012,0.47416104135680837
26946,0.029541992055859508,0.07170239826539361,0.8987556096787468
26947,0.058064156465711766,0.14146472349633932,0.800471120037949
26948,0.05375465200775667,0.3168975532244616,0.6293477947677817
26949,0.2953701615357167,0.142324572214845,0.5623052662494382
26950,0.20700966548560337,0.12298948060745184,0.6700008539069447
26951,0.15759832928134235,0.6477000471498789,0.19470162356877857
26952,0.10572291019250354,0.19724183425103003,0.6970352555564664
26953,0.04689673048656527,0.04730125224098928,0.9058020172724455
26954,0.039466971484273125,0.10869002897744974,0.8518429995382772
26955,0.02919205231804624,0.676743319234083,0.2940646284478707
26956,0.14123408046003302,0.19879030162167272,0.6599756179182943
26957,0.7556143977039594,0.10465349014633409,0.13973211214970654
26958,0.2573131025433532,0.109801818590504,0.6328850788661426
26959,0.0619708814557018,0.18717457865740608,0.7508545398868921
26960,0.07139505666947002,0.0745542627864597,0.8540506805440703
26961,0.03888344261588003,0.10962026306328844,0.8514962943208315
26962,0.05049615696356827,0.6706682794884807,0.278835563547951
26963,0.4418874221618349,0.08169531991500412,0.4764172579231609
26964,0.12722152465117692,0.08424853803359958,0.7885299373152235
26965,0.02702701758736986,0.7244782214357364,0.24849476097689385
26966,0.0662087095404669,0.07875033493425902,0.8550409555252741
26967,0.047224076859713235,0.06837002774503019,0.8844058953952565
26968,0.09986718964526095,0.16797877186010193,0.7321540384946371
26969,0.04622858388086067,0.0447007674232543,0.909070648695885
26970,0.033386722172075424,0.06642979680643439,0.9001834810214902
26971,0.06624714254265071,0.2851146481991185,0.6486382092582307
26972,0.1090225754453016,0.24959660647907617,0.6413808180756222
26973,0.08229967597604107,0.15970666799782737,0.7579936560261316
26974,0.032234222000693154,0.06379377728268121,0.9039720007166256
26975,0.04569754597099955,0.05800439297696626,0.8962980610520341
26976,0.13427937235685047,0.836932105573695,0.02878852206945459
26977,0.11719301613993503,0.19752408362183432,0.6852829002382307
26978,0.042728947392662156,0.12852066763957948,0.8287503849677584
26979,0.09845635921652988,0.3244605026408452,0.577083138142625
26980,0.04758150863465872,0.12121090456375118,0.8312075868015901
26981,0.09256785387376266,0.4049397283350447,0.5024924177911927
26982,0.036990224411857016,0.07930640394928283,0.8837033716388601
26983,0.09011952565537393,0.19677022092960722,0.713110253415019
26984,0.02769868078350604,0.20302657995130297,0.7692747392651911
26985,0.08520282315496445,0.48840424834561735,0.4263929284994181
26986,0.09910171732942413,0.10401829259137675,0.7968799900791991
26987,0.03963304580658236,0.7468943636182157,0.21347259057520204
26988,0.0806861457380811,0.47798064512112587,0.441333209140793
26989,0.017839857717936503,0.6826451444376053,0.2995149978444581
26990,0.036082701742767447,0.06508198811361918,0.8988353101436134
26991,0.029921836731320116,0.07608548030588436,0.8939926829627955
26992,0.18459270982540132,0.5678511636200966,0.24755612655450213
26993,0.02414310163190189,0.05660413092767226,0.9192527674404259
26994,0.12934046170053556,0.16427046035386028,0.7063890779456042
26995,0.03736818802161741,0.18464686145078937,0.7779849505275932
26996,0.03033623604420709,0.06553002893133997,0.904133735024453
26997,0.3636178217703498,0.2892333619952245,0.3471488162344257
26998,0.4520796036437725,0.05163097241347028,0.4962894239427572
26999,0.5438774352985285,0.054918965252558474,0.40120359944891304
27000,0.04764028124341483,0.5668337200332781,0.38552599872330695
27001,0.045907563126709384,0.3118924484523822,0.6421999884209084
27002,0.07524870701326415,0.23861789927857013,0.6861333937081657
27003,0.07445352875951897,0.11543988568107981,0.8101065855594012
27004,0.25393940815176186,0.13473122128379603,0.6113293705644421
27005,0.037146822192878994,0.20805693341080003,0.754796244396321
27006,0.047533708799548886,0.08263710168521711,0.869829189515234
27007,0.06675052512729485,0.7911708409592376,0.14207863391346756
27008,0.05175997523226803,0.16293942957149726,0.7853005951962347
27009,0.03670924940006009,0.13746867240499056,0.8258220781949492
27010,0.026736604182169877,0.04930035447536882,0.9239630413424613
27011,0.1187357567594196,0.5163390284280583,0.36492521481252216
27012,0.04915458199722537,0.05510179591910108,0.8957436220836735
27013,0.23848040995412956,0.12597036690644212,0.6355492231394284
27014,0.07581192574754395,0.5565550263465611,0.36763304790589496
27015,0.09712067561767716,0.5188723901437888,0.384006934238534
27016,0.08921593953667636,0.08851528636089515,0.8222687741024285
27017,0.06343264791241526,0.09961483221702305,0.8369525198705617
27018,0.095585319927614,0.12313196441652738,0.7812827156558586
27019,0.06335693118591702,0.12272289350206719,0.8139201753120157
27020,0.03873567977692479,0.1959570594588469,0.7653072607642283
27021,0.04891646681761825,0.42940912605750386,0.5216744071248779
27022,0.019217367911718467,0.03302539482736837,0.9477572372609131
27023,0.1567248510114136,0.3044077277777624,0.538867421210824
27024,0.05800757312649109,0.16060645383192196,0.7813859730415869
27025,0.22442734283336568,0.0835636444012751,0.6920090127653593
27026,0.026970128639751047,0.07499355395827541,0.8980363174019736
27027,0.15781505820608946,0.08469998053826006,0.7574849612556505
27028,0.49295842395812706,0.10637783173980865,0.4006637443020643
27029,0.057406294703636104,0.08862239763345033,0.8539713076629135
27030,0.16837211078886605,0.5633253125337557,0.26830257667737817
27031,0.48087798261429365,0.29034627662244444,0.2287757407632618
27032,0.4558104404053331,0.12327814573635068,0.42091141385831626
27033,0.06420863200962117,0.079448449585824,0.8563429184045549
27034,0.08759942884490403,0.2114351157410811,0.7009654554140149
27035,0.7264542613707642,0.10651790472403688,0.167027833905199
27036,0.12715077573681197,0.10646974444752955,0.7663794798156586
27037,0.14029677316980693,0.3983521075409082,0.4613511192892848
27038,0.045860127013308834,0.05051201096018757,0.9036278620265036
27039,0.16160038644530691,0.1440888583505059,0.6943107552041873
27040,0.048421863220784844,0.06961845222278619,0.8819596845564289
27041,0.019206440314997065,0.05978898957347799,0.9210045701115249
27042,0.21209658835794234,0.7756023736729516,0.01230103796910592
27043,0.05995179308808086,0.06711432453105798,0.8729338823808612
27044,0.03769226568360671,0.04382841954790397,0.9184793147684892
27045,0.09830684639394449,0.12693457994222207,0.7747585736638335
27046,0.07443197853270316,0.10798851961620569,0.8175795018510912
27047,0.09809696646222835,0.6375229734436088,0.26438006009416287
27048,0.5365890009354103,0.46017218686600364,0.00323881219858606
27049,0.17442830162344503,0.4716248559599878,0.3539468424165671
27050,0.04224095225356399,0.08545521578118466,0.8723038319652513
27051,0.06388132412130848,0.44910589978565973,0.4870127760930317
27052,0.05401495576176567,0.06861164299131019,0.8773734012469241
27053,0.045350435583441456,0.2147771462692554,0.7398724181473031
27054,0.07589162888265458,0.10531957458804253,0.8187887965293029
27055,0.1503813187720732,0.8443987076836749,0.005219973544251885
27056,0.2506302738377409,0.7418374982969126,0.00753222786534661
27057,0.057662805847544824,0.46146258791511197,0.48087460623734307
27058,0.5797641294089381,0.10814862318595347,0.3120872474051085
27059,0.07679892862228564,0.13147126937458464,0.7917298020031296
27060,0.06896531801400735,0.147142624663284,0.7838920573227087
27061,0.4127781394340635,0.2295842458650619,0.3576376147008747
27062,0.2684316378569022,0.10824647985523007,0.6233218822878677
27063,0.023203896150907555,0.047104475760262644,0.9296916280888299
27064,0.02051938418770251,0.03465682059672656,0.9448237952155708
27065,0.04051517749285453,0.4461791932839342,0.5133056292232113
27066,0.017367726951925247,0.04741268674615252,0.9352195863019224
27067,0.036495084164624124,0.09814487745333085,0.8653600383820451
27068,0.5594576877917259,0.11745959468544043,0.32308271752283363
27069,0.03389113229723817,0.05901967574300563,0.9070891919597563
27070,0.0935929053158098,0.061218477509308075,0.8451886171748821
27071,0.061721922316998946,0.04753779069802998,0.8907402869849711
27072,0.06549849996333988,0.27895707653625407,0.655544423500406
27073,0.1633925401673131,0.18637069238318862,0.6502367674494983
